0.000000 0.000000
0.200000 0.196588
0.400000 0.385364
0.600000 0.558828
0.800000 0.710087
1.000000 0.833130
1.200000 0.923069
1.400000 0.976330
1.600000 0.990796
1.800000 0.965893
2.000000 0.902610
2.200000 0.803461
2.400000 0.672387
2.600000 0.514596
2.800000 0.336357
3.000000 0.144753
3.200000 -0.052603
3.400000 -0.247869
3.600000 -0.433285
3.800000 -0.601485
4.000000 -0.745785
4.200000 -0.860451
4.400000 -0.940927
4.600000 -0.984015
4.800000 -0.988003
5.000000 -0.952733
5.200000 -0.879606
5.400000 -0.771527
5.600000 -0.632792
5.800000 -0.468913
6.000000 -0.286402
6.200000 -0.092510
6.400000 0.105058
6.600000 0.298451
6.800000 0.479985
7.000000 0.642447
7.200000 0.779381
7.400000 0.885346
7.600000 0.956132
7.800000 0.988927
8.000000 0.982426
8.200000 0.936888
8.400000 0.854123
8.600000 0.737419
8.800000 0.591414
9.000000 0.421909
9.200000 0.235639
9.400000 0.040006
9.600000 -0.157216
9.800000 -0.348192
10.000000 -0.525332
